1100000101011101010011000010001010110111001000000110111000011110000001000010100
0001001111010101000000110001001110010000111101001001010011000010000000010110110011111100000101010011100
000010001011111100010000100010111111000101001110011010010110010011
01001110011000000110110011110001011100100010011111010111100010100001000
010111101111110001101011110011010010101101111100101011110110000100000000010101110111
01100010110011101010111010101111100001111011011001001001000010100000000100111011001010111
010111111001000101110010001101000000011000100000000010101110111010111111001000101110010001101000000011000100000000010101110111
001100101100101011011100000100010100001000010100110000100001011101000100100010010
0001001111010111011010001111100000010100001000010100110000100001110000001010011
11001011001010100010001101000111011000010000001010100110000100001011110111001000000000100
000100111101011101101000111111000100000000010100110000100001110110100001000010
00110010110011110110100000011101010000001000100101001100001011100100100111001101
000100111101101110000110111111001010111000111000011001010111011101011100000000000
00010011110101011110111000101000010000101001110111000011011010000011101
010011101101110111011010001111110010101101100001100101001100001001100101011111000011010001111110011001011001
0110100111000100000000100011100100000010000010110100101011011010100011101110011001011001
01000100111101111000000100010
0001001111010101000000010110110011111111000000100111110100000100010000000000101111011100000000010101000010000101001100001010111100
0001001111011110001000000000101001100001011000001000111111010001001000
0000000101100000101000001010110011100001111110110101000110101001100001001110001010100111110111010100111110010111011010001111000001
011111001010110111101110101001100001011101101010001010110000010011001110101110000000000001000101100100001000000101001101011000111
11000011000100000000001010011000010001000110000110010101101010000101000010101001101010111
010011101101110101111011100000001011011001111111110110100010010101001011100010001010100100001000011
11011000111111010100110000110101011111000000101000010000101001100001010111100
001001001010000111011001001010111000011100000100001010010101000000111000111
110000001101100111100010110111101111010010011101001010000100110111011101011101100
0101101111100000101011101010011000010001010110111001000000110111000011110000001000010100
0001001111010101000000110001001110010000111101001001010011000010000000010110110011111100000101010011100
000010001011111100010000100010111111000101001110011010010110010011
01001110011000000110110011110001011100100010011111010111100010100001000
010111101111110001101011110011010010101101111100101011110110000100000000010101110111
01100010110011101010111010101111100001111011011001001001000010100000000100111011001010111
010111111001000101110010001101000000011000100000000010101110111010111111001000101110010001101000000011000100000000010101110111
001100101100101011011100000100010100001000010100110000100001011101000100100010010
0001001111010111011010001111100000010100001000010100110000100001110000001010011
11001011001010100010001101000111011000010000001010100110000100001011110111001000000000100
000100111101011101101000111111000100000000010100110000100001110110100001000010
00110010110011110110100000011101010000001000100101001100001011100100100111001101
000100111101101110000110111111001010111000111000011001010111011101011100000000000
00010011110101011110111000101000010000101001110111000011011010000011101
010011101101110111011010001111110010101101100001100101001100001001100101011111000011010001111110011001011001
0110100111000100000000100011100100000010000010110100101011011010100011101110011001011001
01000100111101111000000100010
1100000011011001111000101000000010110110011111111000000100111110100000100010000000000101111011100000000010101000010000101001100001010111100
0001001111011110001000000000101001100001011000001000111111010001001000
0000000101100000101000001010110011100001111110110101000110101001100001001110001010100111110111010100111110010111011010001111000001
011111001010110111101110101001100001011101101010001010110000010011001110101110000000000001000101100100001000000101001101011000111
1100001100010000000000101001100001000100011000011001010110101000010100001010100110101
010011101101110101111011100000001011011001111111110110100010010101001011100010001010100100001000011
11011000111111010100110000110101011111000000101000010000101001100001010111100
001001001010000111011001001010111000011100000100001010010101000000111000111
110000001101100111100010110111101111010010011101001010000100110111011101011101100
0101001110000000011001010
0101001110000000011001010
0101001110000000011001010
0101001110000000011001010
